khalid 70 30 70 30 70 30 70 30 70 30 70 30 70 30
salim 70 50 70 30 70 30 70 30 70 30 70 30 70 30
hafid 70 40 70 30 70 30 0 0 0 0 0 0 0 0 0 0 0 0
salim 70 10 70 30 70 30 70 30 0 00 00 0 0 0 0 0
brahim 70 48 70 30 70 30 0 0 0 0 0 0 0 0 0 0 0
salim 70 30 70 30 70 30 70 30 70 30 70 30
khalid 70 19 70 30 0 0 0 0 0 0 0 0 0 0 0
khalid 70 72.5 70 30 70 30 70 30 0 0 0
khalid 70 99.3 70 30 70 30 70 30
khalid 70 83.05 70 30 70 30 70 30
khalid 70 87 70 30 70 30 70 30 0 0 0 0
khalid 70 81 70 30 70 30 70 30 0 0 0 0
khalid 70 91 70 30 70 30  70 30
khalid 70 93 70 30 70 30 70 30 0 0 0 0
khalid 70 36 70 30 70 30 70 30 70 30
khalid 70 12 70 30 70 30 70 30 70 30
khalid 70 00 70 30 70 30 70 30 70 30
khalid 70 15 70 30 70 30 70 30 70 30
